82
0 1 3.9123
0 8 6.1339
1 10 2.3115
2 3 0.7465
2 10 3.1387
3 11 4.0105
4 11 4.3576
4 13 4.339
5 6 0.9489
5 13 5.1504
6 7 1.1452
6 14 3.1895
7 14 4.3075
7 55 5.2839
8 9 5.1768
8 16 4.1508
8 17 1.7602
9 10 1.6947
10 18 1.632
10 19 4.8079
12 13 1.2941
12 19 4.7402
14 22 8.6807
14 23 7.972
15 23 1.8666
15 39 5.1394
16 24 2.2318
17 18 3.7404
17 24 1.753
19 20 0.1706
20 28 0.611
21 22 0.8424
23 29 1.5371
25 32 3.2734
26 27 0.1947
27 28 0.4768
29 45 6.3813
30 31 0.7048
30 38 1.2183
32 33 0.8802
32 40 5.9869
32 41 5.5776
33 34 6.6184
34 41 6.8356
34 42 6.4312
35 36 0.3264
36 44 7.0045
37 38 2.8851
37 45 10.0741
38 46 7.6809
39 47 7.986
40 48 7.5295
40 49 7.77
43 50 4.9874
44 51 8.5775
45 52 13.1853
46 53 14.0617
47 55 13.8269
48 57 1.7107
50 57 0.5679
50 58 1.0472
50 59 0.6684
51 52 0.8269
53 54 0.4561
55 63 8.0144
56 57 0.9544
56 64 10.7977
57 58 0.8622
59 60 0.1097
60 67 13.217
61 68 11.2919
61 69 11.2352
62 70 3.6472
62 71 3.3407
63 79 2.286
64 73 1.865
65 66 1.239
65 73 3.9862
66 67 0.4638
66 74 4.7692
68 76 3.8308
69 77 4.0698
71 78 2.5898
72 73 1.2123
73 74 0.908
74 75 1.2197
74 80 2.6559
75 76 0.4351
75 81 1.365
77 78 0.5387
78 79 1.2856